///////////////////////////////////////////////////////////////////////////////////////////////////////////
测试识别，状态
[10:18:17.469]发→◇AA BB 02 01 00 00 68 □
[10:18:17.485]收←◆AA BB 02 01 00 88 
02 05 02 02 00 01 
02   82 00 00    00 00 00 00 03 53 16 10 64 81    00 00 B6 63 1C 00 09 00 00 00 00 32 
04   00 00 00    00 00 00 00 00 00 00 00 00 00    00 00 00 00 00 00 00 00 00 00 00 00 
06   82 00 00    00 00 00 00 03 01 56 50 00 01    00 00 00 63 1D 00 02 00 00 00 00 32 
08   00 00 00    00 00 00 00 00 00 00 00 00 00    00 00 00 00 00 00 00 00 00 00 00 00 
0A   00 00 00    00 00 00 00 00 00 00 00 00 00    00 00 00 00 00 00 00 00 00 00 00 00 
4E 

[10:22:08.045]发→◇AA BB 02 01 00 00 68 □
[10:22:08.061]收←◆AA BB 02 01 00 88 
02 05 02 02 00 01 
02 42 00 00 00 00 00 00 03 53 16 10 64 81 00 00 00 64 1C 00 09 00 00 00 00 32 
04 00 00 00 00 00 00 00 00 00 00 00 00 00 00 00 00 00 00 00 00 00 00 00 00 00 
06 42 00 00 00 00 00 00 03 01 56 50 00 01 00 00 00 63 1D 00 02 00 00 00 00 32 
08 00 00 00 00 00 00 00 00 00 00 00 00 00 00 00 00 00 00 00 00 00 00 00 00 00 
0A 00 00 00 00 00 00 00 00 00 00 00 00 00 00 00 00 00 00 00 00 00 00 00 00 00 19 


[10:23:58.477]发→◇AA BB 02 01 00 00 68 □
[10:23:58.493]收←◆AA BB 02 01 00 88 
02 05 02 02 00 01 
02 42 00 00 00 00 00 00 03 53 16 10 64 81 00 00 00 64 1C 00 09 00 00 00 00 32   //红外读 成功
04 00 00 00 00 00 00 00 00 00 00 00 00 00 00 00 00 00 00 00 00 00 00 00 00 00 
06 A2 00 00 00 00 00 00 04 26 57 50 00 07 01 09 81 1C 1E 00 01 13 88 0F DC 06   //在充电 ，红外读 成功
08 00 00 00 00 00 00 00 00 00 00 00 00 00 00 00 00 00 00 00 00 00 00 00 00 00 
0A 00 00 00 00 00 00 00 00 00 00 00 00 00 00 00 00 00 00 00 00 00 00 00 00 00 44 


[10:26:33.253]发→◇AA BB 02 01 00 00 68 □
[10:26:33.270]收←◆AA BB 02 01 00 88 
02 05 02 02 00 01 
02 42 00 00 00 00 00 00 03 53 16 10 64 81 00 00 00 64 1C 00 09 00 00 00 00 32 
04 00 00 00 00 00 00 00 00 00 00 00 00 00 00 00 00 00 00 00 00 00 00 00 00 00 
06 01 00 40 00 00 00 00 00 00 00 00 00 00 00 00 00 00 00 00 00 00 00 00 00 00   //读不成功, 顶针识别故障
08 00 00 00 00 00 00 00 00 00 00 00 00 00 00 00 00 00 00 00 00 00 00 00 00 00   
0A 00 00 00 00 00 00 00 00 00 00 00 00 00 00 00 00 00 00 00 00 00 00 00 00 00 
B9 

[10:28:40.821]发→◇AA BB 02 01 00 00 68 □
[10:28:40.837]收←◆AA BB 02 01 00 88 
02 05 02 02 00 01 
02 42 00 00 00 00 00 00 03 53 16 10 64 81 00 00 00 64 1C 00 09 00 00 00 00 32 
04 00 00 00 00 00 00 00 00 00 00 00 00 00 00 00 00 00 00 00 00 00 00 00 00 00 
06 01 00 40 00 00 00 00 00 00 00 00 00 00 00 00 00 00 00 00 00 00 00 00 00 00  
08 00 00 00 00 00 00 00 00 00 00 00 00 00 00 00 00 00 00 00 00 00 00 00 00 00 
0A 00 00 00 00 00 00 00 00 00 00 00 00 00 00 00 00 00 00 00 00 00 00 00 00 00 B9 



[10:38:29.221]发→◇AA BB 02 01 00 00 68 □
[10:38:29.237]收←◆AA BB 02 01 00 88 
02 05 02 02 00 01 
02 82 00 00 00 00 00 00 03 53 16 10 64 81 00 00 00 64 1C 00 09 00 00 00 00 32 
04 00 00 00 00 00 00 00 00 00 00 00 00 00 00 00 00 00 00 00 00 00 00 00 00 00 
06 A1 00 48 00 00 00 00 00 00 00 00 00 00 00 00 00 00 00 00 00 00 00 00 00 00    //充电，读不到   顶针 红外 识别都有问题,ok 
08 00 00 00 00 00 00 00 00 00 00 00 00 00 00 00 00 00 00 00 00 00 00 00 00 00 
0A 00 00 00 00 00 00 00 00 00 00 00 00 00 00 00 00 00 00 00 00 00 00 00 00 00 A1 

[13:31:11.147]发→◇AA BB 02 01 00 00 68 □
[13:31:11.162]收←◆AA BB 02 01 00 88 
02 05 02 02 00 01 
02 82 00 00 00 00 00 00 03 01 56 50 00 01 00 00 00 63 1D 00 02 00 00 00 00 32 
04 00 00 00 00 00 00 00 00 00 00 00 00 00 00 00 00 00 00 00 00 00 00 00 00 00 
06 00 00 00 00 00 00 00 00 00 00 00 00 00 00 00 00 00 00 00 00 00 00 00 00 00 
08 00 00 00 00 00 00 00 00 00 00 00 00 00 00 00 00 00 00 00 00 00 00 00 00 00 
0A 00 00 00 00 00 00 00 00 00 00 00 00 00 00 00 00 00 00 00 00 00 00 00 00 00 FB 

[13:36:46.526]发→◇AA BB 02 01 00 00 68 □
[13:36:46.540]收←◆AA BB 02 01 00 88 
02 05 02 02 00 01 
02 40 00 00 00 00 00 00 00 00 00 00 00 00 00 00 00 00 00 00 00 00 00 00 00 00 
04 00 00 00 00 00 00 00 00 00 00 00 00 00 00 00 00 00 00 00 00 00 00 00 00 00 
06 42 00 00 00 00 00 00 03 53 16 10 64 81 00 00 00 64 1C 00 09 00 00 00 00 32 
08 00 00 00 00 00 00 00 00 00 00 00 00 00 00 00 00 00 00 00 00 00 00 00 00 00 
0A 00 00 00 00 00 00 00 00 00 00 00 00 00 00 00 00 00 00 00 00 00 00 00 00 00 
B8 


[14:03:32.376]发→◇AA BB 02 01 00 00 68 □
[14:03:32.394]收←◆AA BB 02 01 00 88 02 05 02 02 00 01 
02 00 00 00 00 00 00 00 00 00 00 00 00 00 00 00 00 00 00 00 00 00 00 00 00 00 
04 00 00 00 00 00 00 00 00 00 00 00 00 00 00 00 00 00 00 00 00 00 00 00 00 00 
06 00 02 44 00 00 00 00 00 00 00 00 00 00 00 00 00 00 00 00 00 00 00 00 00 00 
08 00 00 00 00 00 00 00 00 00 00 00 00 00 00 00 00 00 00 00 00 00 00 00 00 00 
0A 00 00 00 00 00 00 00 00 00 00 00 00 00 00 00 00 00 00 00 00 00 00 00 00 00 60 

////////////////////////////////////////////////////////////////////////////////////////////////
问题 ： 1红外失败次数过多  2.红外解锁失败次数过多    

///////////////////////////////////////////////////////////////////////////////////////////////
